9 0.3626682692307692 0.12526442307692306 0.13439903846153844 0.21802884615384616
9 0.5044711538461539 0.11983173076923077 0.09899038461538462 0.21254807692307692
9 0.6746875 0.1751201923076923 0.14658653846153846 0.2138701923076923
9 0.8931971153846153 0.14036057692307694 0.16403846153846152 0.24490384615384614
9 0.8971394230769231 0.38100961538461536 0.12819711538461537 0.2148076923076923
9 0.698076923076923 0.44350961538461536 0.11031250000000001 0.19122596153846153
9 0.5470913461538461 0.43324519230769226 0.15360576923076924 0.20127403846153846
9 0.3622115384615385 0.4352163461538462 0.19471153846153846 0.2358173076923077
9 0.3869230769230769 0.7040384615384615 0.13483173076923077 0.20528846153846156
9 0.575264423076923 0.7191346153846154 0.1531730769230769 0.26605769230769233
9 0.7273557692307692 0.7125721153846154 0.10769230769230768 0.22670673076923079
9 0.8814182692307693 0.7079807692307691 0.14918269230769232 0.23939903846153848