9 0.6720673076923076 0.1816826923076923 0.1238701923076923 0.20076923076923076
9 0.5057932692307692 0.1307451923076923 0.09286057692307693 0.19069711538461537
9 0.36004807692307694 0.12112980769230769 0.12915865384615383 0.22391826923076924
9 0.3884375 0.4463701923076923 0.15975961538461536 0.2275
9 0.5473076923076923 0.42581730769230763 0.11471153846153846 0.1601923076923077
9 0.7046394230769231 0.4481009615384615 0.09721153846153846 0.1785576923076923
9 0.8958413461538461 0.37641826923076926 0.11682692307692308 0.21
9 0.9006490384615385 0.13990384615384616 0.1351923076923077 0.21932692307692306
9 0.38975961538461534 0.7016346153846154 0.11867788461538462 0.19610576923076922
9 0.5776682692307692 0.7235096153846154 0.10990384615384616 0.22235576923076922
9 0.7223317307692307 0.7175961538461538 0.07579326923076923 0.2061778846153846
9 0.8733173076923078 0.7081971153846154 0.11990384615384617 0.20048076923076924